(DEVICE FILE: HDR_2X50_M_CON100_0P4_21P7X2P05)

PACKAGE CON100_0P4_21P7X2P05_SM
CLASS IO
PINCOUNT 100

PINORDER HDR_2X50_M_CON100_0P4_21P7X2P05 1 10 100 11 12 13 14 15 16 17 18 19 2 20 21 22 23 24 25 26,
      27 28 29 3 30 31 32 33 34 35 36 37 38 39 4 40 41 42 43 44 45 46 47 48 49 5 50 51 52 53 54 55,
      56 57 58 59 6 60 61 62 63 64 65 66 67 68 69 7 70 71 72 73 74 75 76 77 78 79 8 80 81 82 83 84,
      85 86 87 88 89 9 90 91 92 93 94 95 96 97 98 99
FUNCTION G1 HDR_2X50_M_CON100_0P4_21P7X2P05 1 10 100 11 12 13 14 15 16 17 18 19 2 20 21 22 23 24 25,
      26 27 28 29 3 30 31 32 33 34 35 36 37 38 39 4 40 41 42 43 44 45 46 47 48 49 5 50 51 52 53 54,
      55 56 57 58 59 6 60 61 62 63 64 65 66 67 68 69 7 70 71 72 73 74 75 76 77 78 79 8 80 81 82 83,
      84 85 86 87 88 89 9 90 91 92 93 94 95 96 97 98 99

PACKAGEPROP PACKAGE_HEIGHT_MAX '1.2901 MM'
PACKAGEPROP HEIGHT '1.29MM'
PACKAGEPROP PART_NAME HDR_2X50_M
PACKAGEPROP PART_NUMBER '211-80305'
PACKAGEPROP VALUE 'DF40C-100DP-0.4V(51)'

END
